#Numer of loaded name OH2
#Frame          #N
              0              4
              1              5
              2              4
              3              5
              4              7
              5              6
              6              6
              7              6
              8              5
              9              5
             10              7
             11              6
             12              5
             13              5
             14              7
             15              6
             16              6
             17              5
             18              6
             19              6
             20              6
             21              4
             22              7
             23              6
             24              5
             25              5
             26              5
             27              6
             28              7
             29              6
             30              6
             31              6
             32              6
             33              6
             34              5
             35              7
             36              6
             37              6
             38              7
             39              6
             40              7
             41              7
             42              7
             43              8
             44              6
             45              5
             46              6
             47              7
             48              5
             49              5
             50              6
             51              6
             52              6
             53              7
             54              6
             55              7
             56              6
             57              6
             58              7
             59              7
             60              7
             61              7
             62              6
             63              6
             64              7
             65              6
             66              7
             67              6
             68              5
             69              6
             70              6
             71              6
             72              7
             73              5
             74              7
             75              6
             76              6
             77              6
             78              6
             79              7
             80              6
             81              4
             82              6
             83              6
             84              7
             85              7
             86              7
             87              7
             88              6
             89              6
             90              6
             91              6
             92              7
             93              5
             94              6
             95              6
             96              6
             97              6
             98              5
             99              7
            100              7
            101              6
            102              7
            103              6
            104              5
            105              5
            106              5
            107              6
            108              6
            109              6
            110              5
            111              6
            112              6
            113              5
            114              7
            115              8
            116              6
            117              5
            118              5
            119              7
            120              4
            121              8
            122              6
            123              6
            124              5
            125              5
            126              8
            127              5
            128              6
            129              6
            130              7
            131              7
            132              5
            133              6
            134              7
            135              7
            136              6
            137              6
            138              5
            139              5
            140              6
            141              6
            142              5
            143              6
            144              6
            145              7
            146              6
            147              4
            148              6
            149              6
            150              6
            151              7
            152              6
            153              5
            154              6
            155              6
            156              7
            157              6
            158              6
            159              6
            160              6
            161              6
            162              7
            163              7
            164              5
            165              7
            166              5
            167              6
            168              6
            169              7
            170              6
            171              7
            172              5
            173              6
            174              5
            175              8
            176              6
            177              6
            178              5
            179              5
            180              6
            181              7
            182              5
            183              6
            184              6
            185              7
            186              7
            187              7
            188              7
            189              7
            190              8
            191              5
            192              6
            193              7
            194              7
            195              5
            196              6
            197              7
            198              6
            199              7
            200              8
            201              7
            202              6
            203              7
            204              6
            205              7
            206              6
            207              6
            208              7
            209              8
            210              6
            211              7
            212              7
            213              7
            214              5
            215              5
            216              7
            217              5
            218              7
            219              5
            220              5
            221              5
            222              5
            223              6
            224              6
            225              5
            226              6
            227              7
            228              6
            229              6
            230              5
            231              4
            232              5
            233              6
            234              6
            235              6
            236              7
            237              5
            238              8
            239              6
            240              5
            241              5
            242              6
            243              5
            244              6
            245              6
            246              5
            247              6
            248              6
            249              8
            250              7
            251              7
            252              7
            253              5
            254              7
            255              7
            256              6
            257              7
            258              5
            259              5
            260              6
            261              6
            262              5
            263              5
            264              6
            265              5
            266              6
            267              5
            268              4
            269              6
            270              6
            271              6
            272              6
            273              6
            274              5
            275              6
            276              5
            277              6
            278              5
            279              5
            280              6
            281              5
            282              4
            283              5
            284              4
            285              5
            286              6
            287              6
            288              5
            289              6
            290              6
            291              6
            292              6
            293              7
            294              7
            295              5
            296              5
            297              6
            298              7
            299              6
            300              6
            301              5
            302              7
            303              6
            304              6
            305              6
            306              6
            307              6
            308              6
            309              6
            310              7
            311              6
            312              5
            313              6
            314              5
            315              5
            316              5
            317              5
            318              6
            319              6
            320              6
            321              6
            322              6
            323              6
            324              6
            325              5
            326              7
            327              6
            328              5
            329              6
            330              5
            331              4
            332              6
            333              6
            334              8
            335              5
            336              4
            337              5
            338              5
            339              5
            340              6
            341              6
            342              6
            343              6
            344              6
            345              6
            346              7
            347              7
            348              6
            349              7
            350              6
            351              6
            352              7
            353              6
            354              6
            355              6
            356              5
            357              7
            358              5
            359              6
            360              7
            361              7
            362              7
            363              7
            364              6
            365              7
            366              7
            367              5
            368              6
            369              4
            370              6
            371              6
            372              7
            373              6
            374              6
            375              6
            376              6
            377              7
            378              6
            379              5
            380              7
            381              7
            382              6
            383              7
            384              6
            385              7
            386              6
            387              6
            388              7
            389              6
            390              6
            391              6
            392              5
            393              6
            394              6
            395              6
            396              6
            397              5
            398              5
            399              5
            400              5
            401              7
            402              5
            403              5
            404              7
            405              6
            406              5
            407              5
            408              5
            409              5
            410              5
            411              6
            412              5
            413              7
            414              5
            415              5
            416              6
            417              6
            418              5
            419              5
            420              4
            421              5
            422              5
            423              4
            424              6
            425              5
            426              6
            427              6
            428              6
            429              5
            430              7
            431              6
            432              6
            433              6
            434              7
            435              7
            436              6
            437              7
            438              6
            439              7
            440              5
            441              6
            442              6
            443              6
            444              5
            445              5
            446              6
            447              6
            448              6
            449              5
            450              7
            451              6
            452              6
            453              6
            454              6
            455              7
            456              5
            457              5
            458              7
            459              6
            460              7
            461              8
            462              6
            463              5
            464              7
            465              7
            466              7
            467              6
            468              5
            469              8
            470              6
            471              7
            472              7
            473              7
            474              6
            475              6
            476              6
            477              6
            478              6
            479              6
            480              7
            481              6
            482              6
            483              7
            484              5
            485              6
            486              6
            487              6
            488              6
            489              6
            490              6
            491              6
            492              7
            493              6
            494              7
            495              5
            496              6
            497              6
            498              6
            499              6
            500              7
            501              7
            502              6
            503              5
            504              7
            505              6
            506              6
            507              5
            508              4
            509              6
            510              5
            511              6
            512              6
            513              7
            514              6
            515              5
            516              7
            517              6
            518              6
            519              6
            520              6
            521              6
            522              5
            523              5
            524              5
            525              6
            526              6
            527              6
            528              5
            529              6
            530              5
            531              6
            532              6
            533              7
            534              6
            535              7
            536              6
            537              6
            538              5
            539              5
            540              4
            541              6
            542              6
            543              7
            544              7
            545              6
            546              6
            547              7
            548              6
            549              6
            550              7
            551              6
            552              7
            553              5
            554              7
            555              7
            556              7
            557              7
            558              6
            559              7
            560              5
            561              4
            562              6
            563              7
            564              6
            565              5
            566              6
            567              8
            568              6
            569              6
            570              5
            571              5
            572              5
            573              6
            574              6
            575              7
            576              5
            577              5
            578              6
            579              7
            580              5
            581              6
            582              6
            583              6
            584              6
            585              5
            586              6
            587              7
            588              7
            589              7
            590              7
            591              5
            592              5
            593              6
            594              7
            595              7
            596              6
            597              7
            598              7
            599              6
            600              7
            601              6
            602              7
            603              6
            604              8
            605              5
            606              7
            607              5
            608              6
            609              5
            610              7
            611              5
            612              6
            613              6
            614              6
            615              7
            616              7
            617              7
            618              5
            619              7
            620              5
            621              6
            622              5
            623              6
            624              7
            625              6
            626              5
            627              6
            628              6
            629              6
            630              7
            631              7
            632              7
            633              6
            634              6
            635              6
            636              6
            637              6
            638              6
            639              7
            640              7
            641              7
            642              6
            643              6
            644              7
            645              5
            646              5
            647              5
            648              7
            649              6
            650              6
            651              6
            652              6
            653              5
            654              6
            655              6
            656              5
            657              7
            658              6
            659              7
            660              7
            661              6
            662              6
            663              5
            664              7
            665              6
            666              6
            667              5
            668              5
            669              6
            670              8
            671              6
            672              6
            673              7
            674              5
            675              6
            676              7
            677              6
            678              6
            679              6
            680              6
            681              5
            682              4
            683              5
            684              6
            685              5
            686              6
            687              6
            688              5
            689              5
            690              5
            691              6
            692              6
            693              5
            694              6
            695              7
            696              5
            697              6
            698              6
            699              6
            700              6
            701              7
            702              6
            703              5
            704              7
            705              8
            706              7
            707              7
            708              7
            709              6
            710              7
            711              7
            712              5
            713              8
            714              5
            715              7
            716              7
            717              7
            718              7
            719              6
            720              7
            721              7
            722              7
            723              7
            724              7
            725              5
            726              7
            727              6
            728              6
            729              6
            730              6
            731              6
            732              5
            733              5
            734              6
            735              6
            736              6
            737              5
            738              6
            739              6
            740              7
            741              6
            742              6
            743              7
            744              7
            745              6
            746              6
            747              4
            748              6
            749              6
            750              6
            751              7
            752              6
            753              5
            754              6
            755              7
            756              7
            757              7
            758              5
            759              5
            760              6
            761              7
            762              6
            763              6
            764              7
            765              5
            766              6
            767              6
            768              7
            769              7
            770              7
            771              6
            772              7
            773              7
            774              7
            775              6
            776              6
            777              7
            778              7
            779              6
            780              7
            781              5
            782              6
            783              7
            784              7
            785              6
            786              6
            787              6
            788              7
            789              7
            790              6
            791              6
            792              7
            793              7
            794              7
            795              6
            796              6
            797              7
            798              6
            799              6
            800              7
            801              6
            802              5
            803              6
            804              6
            805              7
            806              7
            807              5
            808              7
            809              6
            810              6
            811              6
            812              6
            813              6
            814              7
            815              7
            816              5
            817              6
            818              6
            819              6
            820              5
            821              7
            822              6
            823              6
            824              6
            825              7
            826              6
            827              7
            828              6
            829              6
            830              5
            831              7
            832              6
            833              6
            834              6
            835              6
            836              5
            837              6
            838              5
            839              7
            840              7
            841              6
            842              5
            843              6
            844              6
            845              8
            846              5
            847              5
            848              6
            849              7
            850              5
            851              7
            852              8
            853              5
            854              7
            855              6
            856              6
            857              6
            858              6
            859              6
            860              6
            861              6
            862              6
            863              6
            864              5
            865              6
            866              6
            867              7
            868              6
            869              7
            870              6
            871              6
            872              6
            873              6
            874              6
            875              6
            876              6
            877              6
            878              6
            879              6
            880              7
            881              7
            882              6
            883              5
            884              5
            885              6
            886              5
            887              6
            888              5
            889              7
            890              6
            891              5
            892              7
            893              5
            894              7
            895              7
            896              6
            897              6
            898              6
            899              5
            900              6
            901              7
            902              7
            903              7
            904              5
            905              6
            906              6
            907              5
            908              5
            909              6
            910              6
            911              6
            912              4
            913              6
            914              4
            915              4
            916              6
            917              5
            918              5
            919              4
            920              5
            921              4
            922              5
            923              6
            924              5
            925              6
            926              6
            927              4
            928              5
            929              6
            930              5
            931              5
            932              4
            933              6
            934              5
            935              5
            936              4
            937              4
            938              6
            939              6
            940              5
            941              5
            942              5
            943              6
            944              6
            945              7
            946              4
            947              5
            948              5
            949              6
            950              5
            951              7
            952              6
            953              5
            954              5
            955              5
            956              4
            957              5
            958              5
            959              6
            960              5
            961              5
            962              4
            963              5
            964              4
            965              6
            966              6
            967              6
            968              6
            969              5
            970              6
            971              5
            972              6
            973              4
            974              5
            975              7
            976              8
            977              7
            978              7
            979              7
            980              7
            981              6
            982              5
            983              5
            984              7
            985              6
            986              5
            987              6
            988              7
            989              6
            990              6
            991              5
            992              5
            993              5
            994              7
            995              8
            996              7
            997              7
            998              6
            999              7
